1.
NUMBER OF VERTICES: 10
NUMBER OF EDGES: 45
CHOSEN BOUNDARY: BOUNDARY 1
BOUNDARY 1: 409112
INITIAL CONFIGURATION RANK: 376709
ARITHMETIC SERIES FIRST TERM: 4
ARITHMETIC SERIES COMMON DIFFERENCE: 10
VERTEX ROTATION AMOUNT: 3
ROTATED VERTEX LABELS: [7, 8, 9, 0, 1, 2, 3, 4, 5, 6]
ROTATED MATRIX:
[0, 74, 164, 384, 354, 324, 274, 214, 144, 64],
[74, 0, 84, 444, 404, 394, 334, 284, 224, 154],
[164, 84, 0, 414, 424, 374, 434, 344, 294, 234],
[384, 444, 414, 0, 4, 94, 174, 244, 304, 364],
[354, 404, 424, 4, 0, 14, 104, 184, 254, 314],
[324, 394, 374, 94, 14, 0, 24, 114, 194, 264],
[274, 334, 434, 174, 104, 24, 0, 34, 124, 204],
[214, 284, 344, 244, 184, 114, 34, 0, 44, 134],
[144, 224, 294, 304, 254, 194, 124, 44, 0, 54],
[64, 154, 234, 364, 314, 264, 204, 134, 54, 0]
FINAL CONFIGURATION RANK: 376709
THE OPTIMAL TOUR IS
[3, 4, 5, 6, 7, 8, 9, 0, 1, 2]
THE MINIMUM DISTANCE IS
810
TSP ARITHMETIC SERIES CLASSICAL ALGORITHM ELAPSED TIME: 0.00018989993259310722 s
DWAVE TOUR:
[1, 0, 9, 8, 7, 6, 5, 4, 3, 2]
IS VALID TOUR? YES
DWAVE TOUR DISTANCE:
810
QPU_ACCESS_TIME
00 h : 00 m : 00.302 s
CHARGE_TIME
00 h : 00 m : 05.000 s
RUN_TIME
00 h : 00 m : 05.000 s
DWAVE SOLVER: LeapHybridNLSampler

2.
NUMBER OF VERTICES: 10
NUMBER OF EDGES: 45
CHOSEN BOUNDARY: BOUNDARY 2
BOUNDARY 1: 409112
BOUNDARY 2: 4037910
INITIAL CONFIGURATION RANK: 1293002
ARITHMETIC SERIES FIRST TERM: 10
ARITHMETIC SERIES COMMON DIFFERENCE: 5
VERTEX ROTATION AMOUNT: 3
ROTATED VERTEX LABELS: [7, 8, 9, 0, 1, 2, 3, 4, 5, 6]
ROTATED MATRIX:
[0, 45, 90, 230, 215, 170, 145, 115, 80, 40],
[45, 0, 50, 220, 190, 185, 175, 150, 120, 85],
[90, 50, 0, 225, 205, 195, 210, 180, 155, 125],
[230, 220, 225, 0, 10, 55, 95, 130, 160, 200],
[215, 190, 205, 10, 0, 15, 60, 100, 135, 165],
[170, 185, 195, 55, 15, 0, 20, 65, 105, 140],
[145, 175, 210, 95, 60, 20, 0, 25, 70, 110],
[115, 150, 180, 130, 100, 65, 25, 0, 30, 75],
[80, 120, 155, 160, 135, 105, 70, 30, 0, 35],
[40, 85, 125, 200, 165, 140, 110, 75, 35, 0]
FINAL CONFIGURATION RANK: 1293002
THE OPTIMAL TOUR IS
[3, 4, 5, 6, 7, 8, 9, 0, 1, 2]
THE MINIMUM DISTANCE IS
495
TSP ARITHMETIC SERIES CLASSICAL ALGORITHM ELAPSED TIME: 0.00015410000924021006 s
DWAVE TOUR:
[5, 6, 7, 8, 9, 0, 1, 2, 3, 4]
IS VALID TOUR? YES
DWAVE TOUR DISTANCE:
495
QPU_ACCESS_TIME
00 h : 00 m : 00.318 s
CHARGE_TIME
00 h : 00 m : 05.000 s
RUN_TIME
00 h : 00 m : 05.000 s
DWAVE SOLVER: LeapHybridNLSampler

3.
NUMBER OF VERTICES: 20
NUMBER OF EDGES: 190
CHOSEN BOUNDARY: BOUNDARY 1
BOUNDARY 1: 128425485935180312
INITIAL CONFIGURATION RANK: 62703911469636600
ARITHMETIC SERIES FIRST TERM: 9
ARITHMETIC SERIES COMMON DIFFERENCE: 9
VERTEX ROTATION AMOUNT: 0
ROTATED VERTEX LABELS: [0, 1, 2, 3, 4, 5, 6, 7, 8, 9, 10, 11, 12, 13, 14, 15, 16, 17, 18, 19]
ROTATED MATRIX:
[0, 9, 180, 342, 495, 639, 774, 900, 1017, 1125, 1224, 1314, 1395, 1467, 1530, 1656, 1665, 1710, 1611, 1692],
[9, 0, 18, 189, 351, 504, 648, 783, 909, 1026, 1134, 1233, 1323, 1404, 1476, 1539, 1638, 1557, 1548, 1674],
[180, 18, 0, 27, 198, 360, 513, 657, 792, 918, 1035, 1143, 1242, 1332, 1413, 1485, 1629, 1647, 1575, 1602],
[342, 189, 27, 0, 36, 207, 369, 522, 666, 801, 927, 1044, 1152, 1251, 1341, 1422, 1494, 1683, 1566, 1620],
[495, 351, 198, 36, 0, 45, 216, 378, 531, 675, 810, 936, 1053, 1161, 1260, 1350, 1431, 1503, 1584, 1593],
[639, 504, 360, 207, 45, 0, 54, 225, 387, 540, 684, 819, 945, 1062, 1170, 1269, 1359, 1440, 1512, 1701],
[774, 648, 513, 369, 216, 54, 0, 63, 234, 396, 549, 693, 828, 954, 1071, 1179, 1278, 1368, 1449, 1521],
[900, 783, 657, 522, 378, 225, 63, 0, 72, 243, 405, 558, 702, 837, 963, 1080, 1188, 1287, 1377, 1458],
[1017, 909, 792, 666, 531, 387, 234, 72, 0, 81, 252, 414, 567, 711, 846, 972, 1089, 1197, 1296, 1386],
[1125, 1026, 918, 801, 675, 540, 396, 243, 81, 0, 90, 261, 423, 576, 720, 855, 981, 1098, 1206, 1305],
[1224, 1134, 1035, 927, 810, 684, 549, 405, 252, 90, 0, 99, 270, 432, 585, 729, 864, 990, 1107, 1215],
[1314, 1233, 1143, 1044, 936, 819, 693, 558, 414, 261, 99, 0, 108, 279, 441, 594, 738, 873, 999, 1116],
[1395, 1323, 1242, 1152, 1053, 945, 828, 702, 567, 423, 270, 108, 0, 117, 288, 450, 603, 747, 882, 1008],
[1467, 1404, 1332, 1251, 1161, 1062, 954, 837, 711, 576, 432, 279, 117, 0, 126, 297, 459, 612, 756, 891],
[1530, 1476, 1413, 1341, 1260, 1170, 1071, 963, 846, 720, 585, 441, 288, 126, 0, 135, 306, 468, 621, 765],
[1656, 1539, 1485, 1422, 1350, 1269, 1179, 1080, 972, 855, 729, 594, 450, 297, 135, 0, 144, 315, 477, 630],
[1665, 1638, 1629, 1494, 1431, 1359, 1278, 1188, 1089, 981, 864, 738, 603, 459, 306, 144, 0, 153, 324, 486],
[1710, 1557, 1647, 1683, 1503, 1440, 1368, 1287, 1197, 1098, 990, 873, 747, 612, 468, 315, 153, 0, 162, 333],
[1611, 1548, 1575, 1566, 1584, 1512, 1449, 1377, 1296, 1206, 1107, 999, 882, 756, 621, 477, 324, 162, 0, 171],
[1692, 1674, 1602, 1620, 1593, 1701, 1521, 1458, 1386, 1305, 1215, 1116, 1008, 891, 765, 630, 486, 333, 171, 0]
FINAL CONFIGURATION RANK: 62703911469636600
THE OPTIMAL TOUR IS
[0, 1, 2, 3, 4, 5, 6, 7, 8, 9, 10, 11, 12, 13, 14, 15, 16, 17, 18, 19]
THE MINIMUM DISTANCE IS
3402
TSP ARITHMETIC SERIES CLASSICAL ALGORITHM ELAPSED TIME: 0.000546499970369041 s
DWAVE TOUR:
[12, 11, 10, 9, 8, 7, 6, 5, 4, 3, 2, 1, 0, 19, 18, 17, 16, 15, 14, 13]
IS VALID TOUR? YES
DWAVE TOUR DISTANCE:
3402
QPU_ACCESS_TIME
00 h : 00 m : 00.286 s
CHARGE_TIME
00 h : 00 m : 05.000 s
RUN_TIME
00 h : 00 m : 05.024 s
DWAVE SOLVER: LeapHybridNLSampler

4.
NUMBER OF VERTICES: 20
NUMBER OF EDGES: 190
CHOSEN BOUNDARY: BOUNDARY 2
BOUNDARY 1: 128425485935180312
BOUNDARY 2: 2561327494111820310
INITIAL CONFIGURATION RANK: 1837828159086705800
ARITHMETIC SERIES FIRST TERM: 6
ARITHMETIC SERIES COMMON DIFFERENCE: 7
VERTEX ROTATION AMOUNT: 10
ROTATED VERTEX LABELS: [10, 11, 12, 13, 14, 15, 16, 17, 18, 19, 0, 1, 2, 3, 4, 5, 6, 7, 8, 9]
ROTATED MATRIX:
[0, 76, 209, 335, 454, 566, 671, 769, 860, 944, 951, 881, 804, 720, 629, 531, 426, 314, 195, 69],
[76, 0, 83, 216, 342, 461, 573, 678, 776, 867, 1021, 958, 888, 811, 727, 636, 538, 433, 321, 202],
[209, 83, 0, 90, 223, 349, 468, 580, 685, 783, 1084, 1028, 965, 895, 818, 734, 643, 545, 440, 328],
[335, 216, 90, 0, 97, 230, 356, 475, 587, 692, 1140, 1091, 1035, 972, 902, 825, 741, 650, 552, 447],
[454, 342, 223, 97, 0, 104, 237, 363, 482, 594, 1189, 1147, 1098, 1042, 979, 909, 832, 748, 657, 559],
[566, 461, 349, 230, 104, 0, 111, 244, 370, 489, 1238, 1301, 1154, 1105, 1049, 986, 916, 839, 755, 664],
[671, 573, 468, 356, 237, 111, 0, 118, 251, 377, 1315, 1231, 1210, 1161, 1112, 1056, 993, 923, 846, 762],
[769, 678, 580, 475, 363, 244, 118, 0, 125, 258, 1322, 1252, 1294, 1196, 1168, 1119, 1063, 1000, 930, 853],
[860, 776, 685, 587, 482, 370, 251, 125, 0, 132, 1280, 1287, 1266, 1245, 1329, 1175, 1126, 1070, 1007, 937],
[944, 867, 783, 692, 594, 489, 377, 258, 132, 0, 1308, 1203, 1259, 1217, 1224, 1273, 1182, 1133, 1077, 1014],
[951, 1021, 1084, 1140, 1189, 1238, 1315, 1322, 1280, 1308, 0, 6, 139, 265, 384, 496, 601, 699, 790, 874],
[881, 958, 1028, 1091, 1147, 1301, 1231, 1252, 1287, 1203, 6, 0, 13, 146, 272, 391, 503, 608, 706, 797],
[804, 888, 965, 1035, 1098, 1154, 1210, 1294, 1266, 1259, 139, 13, 0, 20, 153, 279, 398, 510, 615, 713],
[720, 811, 895, 972, 1042, 1105, 1161, 1196, 1245, 1217, 265, 146, 20, 0, 27, 160, 286, 405, 517, 622],
[629, 727, 818, 902, 979, 1049, 1112, 1168, 1329, 1224, 384, 272, 153, 27, 0, 34, 167, 293, 412, 524],
[531, 636, 734, 825, 909, 986, 1056, 1119, 1175, 1273, 496, 391, 279, 160, 34, 0, 41, 174, 300, 419],
[426, 538, 643, 741, 832, 916, 993, 1063, 1126, 1182, 601, 503, 398, 286, 167, 41, 0, 48, 181, 307],
[314, 433, 545, 650, 748, 839, 923, 1000, 1070, 1133, 699, 608, 510, 405, 293, 174, 48, 0, 55, 188],
[195, 321, 440, 552, 657, 755, 846, 930, 1007, 1077, 790, 706, 615, 517, 412, 300, 181, 55, 0, 62],
[69, 202, 328, 447, 559, 664, 762, 853, 937, 1014, 874, 797, 713, 622, 524, 419, 307, 188, 62, 0]
FINAL CONFIGURATION RANK: 1837828159086705800
THE OPTIMAL TOUR IS
[10, 11, 12, 13, 14, 15, 16, 17, 18, 19, 0, 1, 2, 3, 4, 5, 6, 7, 8, 9]
THE MINIMUM DISTANCE IS
2619
TSP ARITHMETIC SERIES CLASSICAL ALGORITHM ELAPSED TIME: 0.0004860999761149287 s
DWAVE TOUR:
[7, 6, 5, 4, 3, 2, 1, 0, 19, 18, 17, 16, 15, 14, 13, 12, 11, 10, 9, 8]
IS VALID TOUR? YES
DWAVE TOUR DISTANCE:
2619
QPU_ACCESS_TIME
00 h : 00 m : 00.302 s
CHARGE_TIME
00 h : 00 m : 05.000 s
RUN_TIME
00 h : 00 m : 05.101 s
DWAVE SOLVER: LeapHybridNLSampler

5.
NUMBER OF VERTICES: 50
NUMBER OF EDGES: 1225
CHOSEN BOUNDARY: BOUNDARY 1
BOUNDARY 1: 620960027832821612639424806694551108812720525606160920420940312
INITIAL CONFIGURATION RANK: 39538503709429901670234599772941377154088747909914458316648561
ARITHMETIC SERIES FIRST TERM: 4
ARITHMETIC SERIES COMMON DIFFERENCE: 1
VERTEX ROTATION AMOUNT: 43
ROTATED VERTEX LABELS: [7, 8, 9, 10, 11, 12, 13, 14, 15, 16, 17, 18, 19, 20, 21, 22, 23, 24, 25, 26, 27, 28, 29, 30, 31, 32, 33, 34, 35, 36, 37, 38, 39, 40, 41, 42, 43, 44, 45, 46, 47, 48, 49, 0, 1, 2, 3, 4, 5, 6]
ROTATED MATRIX:
[0, 11, 60, 108, 155, 201, 246, 290, 333, 375, 416, 456, 495, 533, 570, 606, 641, 675, 708, 740, 771, 801, 830, 858, 885, 911, 936, 960, 983, 1005, 1026, 1046, 1065, 1083, 1100, 1116, 1131, 1145, 1158, 1170, 1189, 1208, 1194, 283, 240, 196, 151, 105, 58, 10],
[11, 0, 12, 61, 109, 156, 202, 247, 291, 334, 376, 417, 457, 496, 534, 571, 607, 642, 676, 709, 741, 772, 802, 831, 859, 886, 912, 937, 961, 984, 1006, 1027, 1047, 1066, 1084, 1101, 1117, 1132, 1146, 1159, 1171, 1223, 1204, 326, 284, 241, 197, 152, 106, 59],
[60, 12, 0, 13, 62, 110, 157, 203, 248, 292, 335, 377, 418, 458, 497, 535, 572, 608, 643, 677, 710, 742, 773, 803, 832, 860, 887, 913, 938, 962, 985, 1007, 1028, 1048, 1067, 1085, 1102, 1118, 1133, 1147, 1160, 1172, 1200, 368, 327, 285, 242, 198, 153, 107],
[108, 61, 13, 0, 14, 63, 111, 158, 204, 249, 293, 336, 378, 419, 459, 498, 536, 573, 609, 644, 678, 711, 743, 774, 804, 833, 861, 888, 914, 939, 963, 986, 1008, 1029, 1049, 1068, 1086, 1103, 1119, 1134, 1148, 1161, 1173, 409, 369, 328, 286, 243, 199, 154],
[155, 109, 62, 14, 0, 15, 64, 112, 159, 205, 250, 294, 337, 379, 420, 460, 499, 537, 574, 610, 645, 679, 712, 744, 775, 805, 834, 862, 889, 915, 940, 964, 987, 1009, 1030, 1050, 1069, 1087, 1104, 1120, 1135, 1149, 1162, 449, 410, 370, 329, 287, 244, 200],
[201, 156, 110, 63, 15, 0, 16, 65, 113, 160, 206, 251, 295, 338, 380, 421, 461, 500, 538, 575, 611, 646, 680, 713, 745, 776, 806, 835, 863, 890, 916, 941, 965, 988, 1010, 1031, 1051, 1070, 1088, 1105, 1121, 1136, 1150, 488, 450, 411, 371, 330, 288, 245],
[246, 202, 157, 111, 64, 16, 0, 17, 66, 114, 161, 207, 252, 296, 339, 381, 422, 462, 501, 539, 576, 612, 647, 681, 714, 746, 777, 807, 836, 864, 891, 917, 942, 966, 989, 1011, 1032, 1052, 1071, 1089, 1106, 1122, 1137, 526, 489, 451, 412, 372, 331, 289],
[290, 247, 203, 158, 112, 65, 17, 0, 18, 67, 115, 162, 208, 253, 297, 340, 382, 423, 463, 502, 540, 577, 613, 648, 682, 715, 747, 778, 808, 837, 865, 892, 918, 943, 967, 990, 1012, 1033, 1053, 1072, 1090, 1107, 1123, 563, 527, 490, 452, 413, 373, 332],
[333, 291, 248, 204, 159, 113, 66, 18, 0, 19, 68, 116, 163, 209, 254, 298, 341, 383, 424, 464, 503, 541, 578, 614, 649, 683, 716, 748, 779, 809, 838, 866, 893, 919, 944, 968, 991, 1013, 1034, 1054, 1073, 1091, 1108, 599, 564, 528, 491, 453, 414, 374],
[375, 334, 292, 249, 205, 160, 114, 67, 19, 0, 20, 69, 117, 164, 210, 255, 299, 342, 384, 425, 465, 504, 542, 579, 615, 650, 684, 717, 749, 780, 810, 839, 867, 894, 920, 945, 969, 992, 1014, 1035, 1055, 1074, 1092, 634, 600, 565, 529, 492, 454, 415],
[416, 376, 335, 293, 250, 206, 161, 115, 68, 20, 0, 21, 70, 118, 165, 211, 256, 300, 343, 385, 426, 466, 505, 543, 580, 616, 651, 685, 718, 750, 781, 811, 840, 868, 895, 921, 946, 970, 993, 1015, 1036, 1056, 1075, 668, 635, 601, 566, 530, 493, 455],
[456, 417, 377, 336, 294, 251, 207, 162, 116, 69, 21, 0, 22, 71, 119, 166, 212, 257, 301, 344, 386, 427, 467, 506, 544, 581, 617, 652, 686, 719, 751, 782, 812, 841, 869, 896, 922, 947, 971, 994, 1016, 1037, 1057, 701, 669, 636, 602, 567, 531, 494],
[495, 457, 418, 378, 337, 295, 252, 208, 163, 117, 70, 22, 0, 23, 72, 120, 167, 213, 258, 302, 345, 387, 428, 468, 507, 545, 582, 618, 653, 687, 720, 752, 783, 813, 842, 870, 897, 923, 948, 972, 995, 1017, 1038, 733, 702, 670, 637, 603, 568, 532],
[533, 496, 458, 419, 379, 338, 296, 253, 209, 164, 118, 71, 23, 0, 24, 73, 121, 168, 214, 259, 303, 346, 388, 429, 469, 508, 546, 583, 619, 654, 688, 721, 753, 784, 814, 843, 871, 898, 924, 949, 973, 996, 1018, 764, 734, 703, 671, 638, 604, 569],
[570, 534, 497, 459, 420, 380, 339, 297, 254, 210, 165, 119, 72, 24, 0, 25, 74, 122, 169, 215, 260, 304, 347, 389, 430, 470, 509, 547, 584, 620, 655, 689, 722, 754, 785, 815, 844, 872, 899, 925, 950, 974, 997, 794, 765, 735, 704, 672, 639, 605],
[606, 571, 535, 498, 460, 421, 381, 340, 298, 255, 211, 166, 120, 73, 25, 0, 26, 75, 123, 170, 216, 261, 305, 348, 390, 431, 471, 510, 548, 585, 621, 656, 690, 723, 755, 786, 816, 845, 873, 900, 926, 951, 975, 823, 795, 766, 736, 705, 673, 640],
[641, 607, 572, 536, 499, 461, 422, 382, 341, 299, 256, 212, 167, 121, 74, 26, 0, 27, 76, 124, 171, 217, 262, 306, 349, 391, 432, 472, 511, 549, 586, 622, 657, 691, 724, 756, 787, 817, 846, 874, 901, 927, 952, 851, 824, 796, 767, 737, 706, 674],
[675, 642, 608, 573, 537, 500, 462, 423, 383, 342, 300, 257, 213, 168, 122, 75, 27, 0, 28, 77, 125, 172, 218, 263, 307, 350, 392, 433, 473, 512, 550, 587, 623, 658, 692, 725, 757, 788, 818, 847, 875, 902, 928, 878, 852, 825, 797, 768, 738, 707],
[708, 676, 643, 609, 574, 538, 501, 463, 424, 384, 343, 301, 258, 214, 169, 123, 76, 28, 0, 29, 78, 126, 173, 219, 264, 308, 351, 393, 434, 474, 513, 551, 588, 624, 659, 693, 726, 758, 789, 819, 848, 876, 903, 904, 879, 853, 826, 798, 769, 739],
[740, 709, 677, 644, 610, 575, 539, 502, 464, 425, 385, 344, 302, 259, 215, 170, 124, 77, 29, 0, 30, 79, 127, 174, 220, 265, 309, 352, 394, 435, 475, 514, 552, 589, 625, 660, 694, 727, 759, 790, 820, 849, 877, 929, 905, 880, 854, 827, 799, 770],
[771, 741, 710, 678, 645, 611, 576, 540, 503, 465, 426, 386, 345, 303, 260, 216, 171, 125, 78, 30, 0, 31, 80, 128, 175, 221, 266, 310, 353, 395, 436, 476, 515, 553, 590, 626, 661, 695, 728, 760, 791, 821, 850, 953, 930, 906, 881, 855, 828, 800],
[801, 772, 742, 711, 679, 646, 612, 577, 541, 504, 466, 427, 387, 346, 304, 261, 217, 172, 126, 79, 31, 0, 32, 81, 129, 176, 222, 267, 311, 354, 396, 437, 477, 516, 554, 591, 627, 662, 696, 729, 761, 792, 822, 976, 954, 931, 907, 882, 856, 829],
[830, 802, 773, 743, 712, 680, 647, 613, 578, 542, 505, 467, 428, 388, 347, 305, 262, 218, 173, 127, 80, 32, 0, 33, 82, 130, 177, 223, 268, 312, 355, 397, 438, 478, 517, 555, 592, 628, 663, 697, 730, 762, 793, 998, 977, 955, 932, 908, 883, 857],
[858, 831, 803, 774, 744, 713, 681, 648, 614, 579, 543, 506, 468, 429, 389, 348, 306, 263, 219, 174, 128, 81, 33, 0, 34, 83, 131, 178, 224, 269, 313, 356, 398, 439, 479, 518, 556, 593, 629, 664, 698, 731, 763, 1019, 999, 978, 956, 933, 909, 884],
[885, 859, 832, 804, 775, 745, 714, 682, 649, 615, 580, 544, 507, 469, 430, 390, 349, 307, 264, 220, 175, 129, 82, 34, 0, 35, 84, 132, 179, 225, 270, 314, 357, 399, 440, 480, 519, 557, 594, 630, 665, 699, 732, 1039, 1020, 1000, 979, 957, 934, 910],
[911, 886, 860, 833, 805, 776, 746, 715, 683, 650, 616, 581, 545, 508, 470, 431, 391, 350, 308, 265, 221, 176, 130, 83, 35, 0, 36, 85, 133, 180, 226, 271, 315, 358, 400, 441, 481, 520, 558, 595, 631, 666, 700, 1058, 1040, 1021, 1001, 980, 958, 935],
[936, 912, 887, 861, 834, 806, 777, 747, 716, 684, 651, 617, 582, 546, 509, 471, 432, 392, 351, 309, 266, 222, 177, 131, 84, 36, 0, 37, 86, 134, 181, 227, 272, 316, 359, 401, 442, 482, 521, 559, 596, 632, 667, 1076, 1059, 1041, 1022, 1002, 981, 959],
[960, 937, 913, 888, 862, 835, 807, 778, 748, 717, 685, 652, 618, 583, 547, 510, 472, 433, 393, 352, 310, 267, 223, 178, 132, 85, 37, 0, 38, 87, 135, 182, 228, 273, 317, 360, 402, 443, 483, 522, 560, 597, 633, 1093, 1077, 1060, 1042, 1023, 1003, 982],
[983, 961, 938, 914, 889, 863, 836, 808, 779, 749, 718, 686, 653, 619, 584, 548, 511, 473, 434, 394, 353, 311, 268, 224, 179, 133, 86, 38, 0, 39, 88, 136, 183, 229, 274, 318, 361, 403, 444, 484, 523, 561, 598, 1109, 1094, 1078, 1061, 1043, 1024, 1004],
[1005, 984, 962, 939, 915, 890, 864, 837, 809, 780, 750, 719, 687, 654, 620, 585, 549, 512, 474, 435, 395, 354, 312, 269, 225, 180, 134, 87, 39, 0, 40, 89, 137, 184, 230, 275, 319, 362, 404, 445, 485, 524, 562, 1124, 1110, 1095, 1079, 1062, 1044, 1025],
[1026, 1006, 985, 963, 940, 916, 891, 865, 838, 810, 781, 751, 720, 688, 655, 621, 586, 550, 513, 475, 436, 396, 355, 313, 270, 226, 181, 135, 88, 40, 0, 41, 90, 138, 185, 231, 276, 320, 363, 405, 446, 486, 525, 1138, 1125, 1111, 1096, 1080, 1063, 1045],
[1046, 1027, 1007, 986, 964, 941, 917, 892, 866, 839, 811, 782, 752, 721, 689, 656, 622, 587, 551, 514, 476, 437, 397, 356, 314, 271, 227, 182, 136, 89, 41, 0, 42, 91, 139, 186, 232, 277, 321, 364, 406, 447, 487, 1151, 1139, 1126, 1112, 1097, 1081, 1064],
[1065, 1047, 1028, 1008, 987, 965, 942, 918, 893, 867, 840, 812, 783, 753, 722, 690, 657, 623, 588, 552, 515, 477, 438, 398, 357, 315, 272, 228, 183, 137, 90, 42, 0, 43, 92, 140, 187, 233, 278, 322, 365, 407, 448, 1163, 1152, 1140, 1127, 1113, 1098, 1082],
[1083, 1066, 1048, 1029, 1009, 988, 966, 943, 919, 894, 868, 841, 813, 784, 754, 723, 691, 658, 624, 589, 553, 516, 478, 439, 399, 358, 316, 273, 229, 184, 138, 91, 43, 0, 44, 93, 141, 188, 234, 279, 323, 366, 408, 1174, 1164, 1153, 1141, 1128, 1114, 1099],
[1100, 1084, 1067, 1049, 1030, 1010, 989, 967, 944, 920, 895, 869, 842, 814, 785, 755, 724, 692, 659, 625, 590, 554, 517, 479, 440, 400, 359, 317, 274, 230, 185, 139, 92, 44, 0, 45, 94, 142, 189, 235, 280, 324, 367, 1184, 1175, 1165, 1154, 1142, 1129, 1115],
[1116, 1101, 1085, 1068, 1050, 1031, 1011, 990, 968, 945, 921, 896, 870, 843, 815, 786, 756, 725, 693, 660, 626, 591, 555, 518, 480, 441, 401, 360, 318, 275, 231, 186, 140, 93, 45, 0, 46, 95, 143, 190, 236, 281, 325, 1218, 1222, 1176, 1166, 1155, 1143, 1130],
[1131, 1117, 1102, 1086, 1069, 1051, 1032, 1012, 991, 969, 946, 922, 897, 871, 844, 816, 787, 757, 726, 694, 661, 627, 592, 556, 519, 481, 442, 402, 361, 319, 276, 232, 187, 141, 94, 46, 0, 47, 96, 144, 191, 237, 282, 1221, 1226, 1197, 1177, 1167, 1156, 1144],
[1145, 1132, 1118, 1103, 1087, 1070, 1052, 1033, 1013, 992, 970, 947, 923, 898, 872, 845, 817, 788, 758, 727, 695, 662, 628, 593, 557, 520, 482, 443, 403, 362, 320, 277, 233, 188, 142, 95, 47, 0, 48, 97, 145, 192, 238, 1199, 1187, 1211, 1213, 1178, 1168, 1157],
[1158, 1146, 1133, 1119, 1104, 1088, 1071, 1053, 1034, 1014, 993, 971, 948, 924, 899, 873, 846, 818, 789, 759, 728, 696, 663, 629, 594, 558, 521, 483, 444, 404, 363, 321, 278, 234, 189, 143, 96, 48, 0, 49, 98, 146, 193, 1224, 1196, 1205, 1220, 1185, 1179, 1169],
[1170, 1159, 1147, 1134, 1120, 1105, 1089, 1072, 1054, 1035, 1015, 994, 972, 949, 925, 900, 874, 847, 819, 790, 760, 729, 697, 664, 630, 595, 559, 522, 484, 445, 405, 364, 322, 279, 235, 190, 144, 97, 49, 0, 50, 99, 147, 1227, 1180, 1181, 1210, 1190, 1212, 1183],
[1189, 1171, 1160, 1148, 1135, 1121, 1106, 1090, 1073, 1055, 1036, 1016, 995, 973, 950, 926, 901, 875, 848, 820, 791, 761, 730, 698, 665, 631, 596, 560, 523, 485, 446, 406, 365, 323, 280, 236, 191, 145, 98, 50, 0, 51, 100, 1207, 1206, 1216, 1228, 1225, 1215, 1202],
[1208, 1223, 1172, 1161, 1149, 1136, 1122, 1107, 1091, 1074, 1056, 1037, 1017, 996, 974, 951, 927, 902, 876, 849, 821, 792, 762, 731, 699, 666, 632, 597, 561, 524, 486, 447, 407, 366, 324, 281, 237, 192, 146, 99, 51, 0, 52, 1214, 1188, 1191, 1198, 1195, 1201, 1219],
[1194, 1204, 1200, 1173, 1162, 1150, 1137, 1123, 1108, 1092, 1075, 1057, 1038, 1018, 997, 975, 952, 928, 903, 877, 850, 822, 793, 763, 732, 700, 667, 633, 598, 562, 525, 487, 448, 408, 367, 325, 282, 238, 193, 147, 100, 52, 0, 1182, 1192, 1209, 1186, 1217, 1203, 1193],
[283, 326, 368, 409, 449, 488, 526, 563, 599, 634, 668, 701, 733, 764, 794, 823, 851, 878, 904, 929, 953, 976, 998, 1019, 1039, 1058, 1076, 1093, 1109, 1124, 1138, 1151, 1163, 1174, 1184, 1218, 1221, 1199, 1224, 1227, 1207, 1214, 1182, 0, 4, 53, 101, 148, 194, 239],
[240, 284, 327, 369, 410, 450, 489, 527, 564, 600, 635, 669, 702, 734, 765, 795, 824, 852, 879, 905, 930, 954, 977, 999, 1020, 1040, 1059, 1077, 1094, 1110, 1125, 1139, 1152, 1164, 1175, 1222, 1226, 1187, 1196, 1180, 1206, 1188, 1192, 4, 0, 5, 54, 102, 149, 195],
[196, 241, 285, 328, 370, 411, 451, 490, 528, 565, 601, 636, 670, 703, 735, 766, 796, 825, 853, 880, 906, 931, 955, 978, 1000, 1021, 1041, 1060, 1078, 1095, 1111, 1126, 1140, 1153, 1165, 1176, 1197, 1211, 1205, 1181, 1216, 1191, 1209, 53, 5, 0, 6, 55, 103, 150],
[151, 197, 242, 286, 329, 371, 412, 452, 491, 529, 566, 602, 637, 671, 704, 736, 767, 797, 826, 854, 881, 907, 932, 956, 979, 1001, 1022, 1042, 1061, 1079, 1096, 1112, 1127, 1141, 1154, 1166, 1177, 1213, 1220, 1210, 1228, 1198, 1186, 101, 54, 6, 0, 7, 56, 104],
[105, 152, 198, 243, 287, 330, 372, 413, 453, 492, 530, 567, 603, 638, 672, 705, 737, 768, 798, 827, 855, 882, 908, 933, 957, 980, 1002, 1023, 1043, 1062, 1080, 1097, 1113, 1128, 1142, 1155, 1167, 1178, 1185, 1190, 1225, 1195, 1217, 148, 102, 55, 7, 0, 8, 57],
[58, 106, 153, 199, 244, 288, 331, 373, 414, 454, 493, 531, 568, 604, 639, 673, 706, 738, 769, 799, 828, 856, 883, 909, 934, 958, 981, 1003, 1024, 1044, 1063, 1081, 1098, 1114, 1129, 1143, 1156, 1168, 1179, 1212, 1215, 1201, 1203, 194, 149, 103, 56, 8, 0, 9],
[10, 59, 107, 154, 200, 245, 289, 332, 374, 415, 455, 494, 532, 569, 605, 640, 674, 707, 739, 770, 800, 829, 857, 884, 910, 935, 959, 982, 1004, 1025, 1045, 1064, 1082, 1099, 1115, 1130, 1144, 1157, 1169, 1183, 1202, 1219, 1193, 239, 195, 150, 104, 57, 9, 0]
FINAL CONFIGURATION RANK: 39538503709429901670234599772941377154088747909914458316648561
THE OPTIMAL TOUR IS
[43, 44, 45, 46, 47, 48, 49, 0, 1, 2, 3, 4, 5, 6, 7, 8, 9, 10, 11, 12, 13, 14, 15, 16, 17, 18, 19, 20, 21, 22, 23, 24, 25, 26, 27, 28, 29, 30, 31, 32, 33, 34, 35, 36, 37, 38, 39, 40, 41, 42]
THE MINIMUM DISTANCE IS
2554
TSP ARITHMETIC SERIES CLASSICAL ALGORITHM ELAPSED TIME: 0.0036435999209061265 s
DWAVE TOUR:
[5, 4, 3, 2, 1, 0, 49, 48, 47, 46, 45, 44, 43, 42, 41, 40, 39, 38, 37, 36, 35, 34, 33, 32, 31, 30, 29, 28, 27, 26, 25, 24, 23, 22, 21, 20, 19, 18, 17, 16, 15, 14, 13, 12, 11, 10, 9, 8, 7, 6]
IS VALID TOUR? YES
DWAVE TOUR DISTANCE:
2554
QPU_ACCESS_TIME
00 h : 00 m : 00.288 s
CHARGE_TIME
00 h : 00 m : 05.000 s
RUN_TIME
00 h : 00 m : 05.018 s
DWAVE SOLVER: LeapHybridNLSampler

6.
NUMBER OF VERTICES: 50
NUMBER OF EDGES: 1225
CHOSEN BOUNDARY: BOUNDARY 2
BOUNDARY 1: 620960027832821612639424806694551108812720525606160920420940312
BOUNDARY 2: 31035053229546199656252032972759319953190362094566672920420940310
INITIAL CONFIGURATION RANK: 26250863147122739965600460258295044971865837802389078455464480263
ARITHMETIC SERIES FIRST TERM: 8
ARITHMETIC SERIES COMMON DIFFERENCE: 4
VERTEX ROTATION AMOUNT: 6
ROTATED VERTEX LABELS: [44, 45, 46, 47, 48, 49, 0, 1, 2, 3, 4, 5, 6, 7, 8, 9, 10, 11, 12, 13, 14, 15, 16, 17, 18, 19, 20, 21, 22, 23, 24, 25, 26, 27, 28, 29, 30, 31, 32, 33, 34, 35, 36, 37, 38, 39, 40, 41, 42, 43]
ROTATED MATRIX:
[0, 184, 380, 572, 760, 944, 4892, 4812, 4800, 4740, 4704, 4664, 4620, 4572, 4520, 4464, 4404, 4340, 4272, 4200, 4124, 4044, 3960, 3872, 3780, 3684, 3584, 3480, 3372, 3260, 3144, 3024, 2900, 2772, 2640, 2504, 2364, 2220, 2072, 1920, 1764, 1604, 1440, 1272, 1100, 924, 744, 560, 372, 180],
[184, 0, 188, 384, 576, 764, 4804, 4808, 4780, 4784, 4796, 4880, 4668, 4624, 4576, 4524, 4468, 4408, 4344, 4276, 4204, 4128, 4048, 3964, 3876, 3784, 3688, 3588, 3484, 3376, 3264, 3148, 3028, 2904, 2776, 2644, 2508, 2368, 2224, 2076, 1924, 1768, 1608, 1444, 1276, 1104, 928, 748, 564, 376],
[380, 188, 0, 192, 388, 580, 4760, 4816, 4860, 4900, 4888, 4728, 4736, 4672, 4628, 4580, 4528, 4472, 4412, 4348, 4280, 4208, 4132, 4052, 3968, 3880, 3788, 3692, 3592, 3488, 3380, 3268, 3152, 3032, 2908, 2780, 2648, 2512, 2372, 2228, 2080, 1928, 1772, 1612, 1448, 1280, 1108, 932, 752, 568],
[572, 384, 192, 0, 196, 392, 4716, 4708, 4896, 4788, 4852, 4868, 4820, 4832, 4676, 4632, 4584, 4532, 4476, 4416, 4352, 4284, 4212, 4136, 4056, 3972, 3884, 3792, 3696, 3596, 3492, 3384, 3272, 3156, 3036, 2912, 2784, 2652, 2516, 2376, 2232, 2084, 1932, 1776, 1616, 1452, 1284, 1112, 936, 756],
[760, 576, 388, 196, 0, 200, 4876, 4756, 4752, 4744, 4856, 4768, 4724, 4732, 4772, 4680, 4636, 4588, 4536, 4480, 4420, 4356, 4288, 4216, 4140, 4060, 3976, 3888, 3796, 3700, 3600, 3496, 3388, 3276, 3160, 3040, 2916, 2788, 2656, 2520, 2380, 2236, 2088, 1936, 1780, 1620, 1456, 1288, 1116, 940],
[944, 764, 580, 392, 200, 0, 4824, 4836, 4884, 4840, 4792, 4748, 4872, 4720, 4712, 4864, 4684, 4640, 4592, 4540, 4484, 4424, 4360, 4292, 4220, 4144, 4064, 3980, 3892, 3800, 3704, 3604, 3500, 3392, 3280, 3164, 3044, 2920, 2792, 2660, 2524, 2384, 2240, 2092, 1940, 1784, 1624, 1460, 1292, 1120],
[4892, 4804, 4760, 4716, 4876, 4824, 0, 8, 204, 396, 584, 768, 948, 1124, 1296, 1464, 1628, 1788, 1944, 2096, 2244, 2388, 2528, 2664, 2796, 2924, 3048, 3168, 3284, 3396, 3504, 3608, 3708, 3804, 3896, 3984, 4068, 4148, 4224, 4296, 4364, 4428, 4488, 4544, 4596, 4644, 4688, 4776, 4848, 4904],
[4812, 4808, 4816, 4708, 4756, 4836, 8, 0, 12, 208, 400, 588, 772, 952, 1128, 1300, 1468, 1632, 1792, 1948, 2100, 2248, 2392, 2532, 2668, 2800, 2928, 3052, 3172, 3288, 3400, 3508, 3612, 3712, 3808, 3900, 3988, 4072, 4152, 4228, 4300, 4368, 4432, 4492, 4548, 4600, 4648, 4692, 4828, 4844],
[4800, 4780, 4860, 4896, 4752, 4884, 204, 12, 0, 16, 212, 404, 592, 776, 956, 1132, 1304, 1472, 1636, 1796, 1952, 2104, 2252, 2396, 2536, 2672, 2804, 2932, 3056, 3176, 3292, 3404, 3512, 3616, 3716, 3812, 3904, 3992, 4076, 4156, 4232, 4304, 4372, 4436, 4496, 4552, 4604, 4652, 4696, 4764],
[4740, 4784, 4900, 4788, 4744, 4840, 396, 208, 16, 0, 20, 216, 408, 596, 780, 960, 1136, 1308, 1476, 1640, 1800, 1956, 2108, 2256, 2400, 2540, 2676, 2808, 2936, 3060, 3180, 3296, 3408, 3516, 3620, 3720, 3816, 3908, 3996, 4080, 4160, 4236, 4308, 4376, 4440, 4500, 4556, 4608, 4656, 4700],
[4704, 4796, 4888, 4852, 4856, 4792, 584, 400, 212, 20, 0, 24, 220, 412, 600, 784, 964, 1140, 1312, 1480, 1644, 1804, 1960, 2112, 2260, 2404, 2544, 2680, 2812, 2940, 3064, 3184, 3300, 3412, 3520, 3624, 3724, 3820, 3912, 4000, 4084, 4164, 4240, 4312, 4380, 4444, 4504, 4560, 4612, 4660],
[4664, 4880, 4728, 4868, 4768, 4748, 768, 588, 404, 216, 24, 0, 28, 224, 416, 604, 788, 968, 1144, 1316, 1484, 1648, 1808, 1964, 2116, 2264, 2408, 2548, 2684, 2816, 2944, 3068, 3188, 3304, 3416, 3524, 3628, 3728, 3824, 3916, 4004, 4088, 4168, 4244, 4316, 4384, 4448, 4508, 4564, 4616],
[4620, 4668, 4736, 4820, 4724, 4872, 948, 772, 592, 408, 220, 28, 0, 32, 228, 420, 608, 792, 972, 1148, 1320, 1488, 1652, 1812, 1968, 2120, 2268, 2412, 2552, 2688, 2820, 2948, 3072, 3192, 3308, 3420, 3528, 3632, 3732, 3828, 3920, 4008, 4092, 4172, 4248, 4320, 4388, 4452, 4512, 4568],
[4572, 4624, 4672, 4832, 4732, 4720, 1124, 952, 776, 596, 412, 224, 32, 0, 36, 232, 424, 612, 796, 976, 1152, 1324, 1492, 1656, 1816, 1972, 2124, 2272, 2416, 2556, 2692, 2824, 2952, 3076, 3196, 3312, 3424, 3532, 3636, 3736, 3832, 3924, 4012, 4096, 4176, 4252, 4324, 4392, 4456, 4516],
[4520, 4576, 4628, 4676, 4772, 4712, 1296, 1128, 956, 780, 600, 416, 228, 36, 0, 40, 236, 428, 616, 800, 980, 1156, 1328, 1496, 1660, 1820, 1976, 2128, 2276, 2420, 2560, 2696, 2828, 2956, 3080, 3200, 3316, 3428, 3536, 3640, 3740, 3836, 3928, 4016, 4100, 4180, 4256, 4328, 4396, 4460],
[4464, 4524, 4580, 4632, 4680, 4864, 1464, 1300, 1132, 960, 784, 604, 420, 232, 40, 0, 44, 240, 432, 620, 804, 984, 1160, 1332, 1500, 1664, 1824, 1980, 2132, 2280, 2424, 2564, 2700, 2832, 2960, 3084, 3204, 3320, 3432, 3540, 3644, 3744, 3840, 3932, 4020, 4104, 4184, 4260, 4332, 4400],
[4404, 4468, 4528, 4584, 4636, 4684, 1628, 1468, 1304, 1136, 964, 788, 608, 424, 236, 44, 0, 48, 244, 436, 624, 808, 988, 1164, 1336, 1504, 1668, 1828, 1984, 2136, 2284, 2428, 2568, 2704, 2836, 2964, 3088, 3208, 3324, 3436, 3544, 3648, 3748, 3844, 3936, 4024, 4108, 4188, 4264, 4336],
[4340, 4408, 4472, 4532, 4588, 4640, 1788, 1632, 1472, 1308, 1140, 968, 792, 612, 428, 240, 48, 0, 52, 248, 440, 628, 812, 992, 1168, 1340, 1508, 1672, 1832, 1988, 2140, 2288, 2432, 2572, 2708, 2840, 2968, 3092, 3212, 3328, 3440, 3548, 3652, 3752, 3848, 3940, 4028, 4112, 4192, 4268],
[4272, 4344, 4412, 4476, 4536, 4592, 1944, 1792, 1636, 1476, 1312, 1144, 972, 796, 616, 432, 244, 52, 0, 56, 252, 444, 632, 816, 996, 1172, 1344, 1512, 1676, 1836, 1992, 2144, 2292, 2436, 2576, 2712, 2844, 2972, 3096, 3216, 3332, 3444, 3552, 3656, 3756, 3852, 3944, 4032, 4116, 4196],
[4200, 4276, 4348, 4416, 4480, 4540, 2096, 1948, 1796, 1640, 1480, 1316, 1148, 976, 800, 620, 436, 248, 56, 0, 60, 256, 448, 636, 820, 1000, 1176, 1348, 1516, 1680, 1840, 1996, 2148, 2296, 2440, 2580, 2716, 2848, 2976, 3100, 3220, 3336, 3448, 3556, 3660, 3760, 3856, 3948, 4036, 4120],
[4124, 4204, 4280, 4352, 4420, 4484, 2244, 2100, 1952, 1800, 1644, 1484, 1320, 1152, 980, 804, 624, 440, 252, 60, 0, 64, 260, 452, 640, 824, 1004, 1180, 1352, 1520, 1684, 1844, 2000, 2152, 2300, 2444, 2584, 2720, 2852, 2980, 3104, 3224, 3340, 3452, 3560, 3664, 3764, 3860, 3952, 4040],
[4044, 4128, 4208, 4284, 4356, 4424, 2388, 2248, 2104, 1956, 1804, 1648, 1488, 1324, 1156, 984, 808, 628, 444, 256, 64, 0, 68, 264, 456, 644, 828, 1008, 1184, 1356, 1524, 1688, 1848, 2004, 2156, 2304, 2448, 2588, 2724, 2856, 2984, 3108, 3228, 3344, 3456, 3564, 3668, 3768, 3864, 3956],
[3960, 4048, 4132, 4212, 4288, 4360, 2528, 2392, 2252, 2108, 1960, 1808, 1652, 1492, 1328, 1160, 988, 812, 632, 448, 260, 68, 0, 72, 268, 460, 648, 832, 1012, 1188, 1360, 1528, 1692, 1852, 2008, 2160, 2308, 2452, 2592, 2728, 2860, 2988, 3112, 3232, 3348, 3460, 3568, 3672, 3772, 3868],
[3872, 3964, 4052, 4136, 4216, 4292, 2664, 2532, 2396, 2256, 2112, 1964, 1812, 1656, 1496, 1332, 1164, 992, 816, 636, 452, 264, 72, 0, 76, 272, 464, 652, 836, 1016, 1192, 1364, 1532, 1696, 1856, 2012, 2164, 2312, 2456, 2596, 2732, 2864, 2992, 3116, 3236, 3352, 3464, 3572, 3676, 3776],
[3780, 3876, 3968, 4056, 4140, 4220, 2796, 2668, 2536, 2400, 2260, 2116, 1968, 1816, 1660, 1500, 1336, 1168, 996, 820, 640, 456, 268, 76, 0, 80, 276, 468, 656, 840, 1020, 1196, 1368, 1536, 1700, 1860, 2016, 2168, 2316, 2460, 2600, 2736, 2868, 2996, 3120, 3240, 3356, 3468, 3576, 3680],
[3684, 3784, 3880, 3972, 4060, 4144, 2924, 2800, 2672, 2540, 2404, 2264, 2120, 1972, 1820, 1664, 1504, 1340, 1172, 1000, 824, 644, 460, 272, 80, 0, 84, 280, 472, 660, 844, 1024, 1200, 1372, 1540, 1704, 1864, 2020, 2172, 2320, 2464, 2604, 2740, 2872, 3000, 3124, 3244, 3360, 3472, 3580],
[3584, 3688, 3788, 3884, 3976, 4064, 3048, 2928, 2804, 2676, 2544, 2408, 2268, 2124, 1976, 1824, 1668, 1508, 1344, 1176, 1004, 828, 648, 464, 276, 84, 0, 88, 284, 476, 664, 848, 1028, 1204, 1376, 1544, 1708, 1868, 2024, 2176, 2324, 2468, 2608, 2744, 2876, 3004, 3128, 3248, 3364, 3476],
[3480, 3588, 3692, 3792, 3888, 3980, 3168, 3052, 2932, 2808, 2680, 2548, 2412, 2272, 2128, 1980, 1828, 1672, 1512, 1348, 1180, 1008, 832, 652, 468, 280, 88, 0, 92, 288, 480, 668, 852, 1032, 1208, 1380, 1548, 1712, 1872, 2028, 2180, 2328, 2472, 2612, 2748, 2880, 3008, 3132, 3252, 3368],
[3372, 3484, 3592, 3696, 3796, 3892, 3284, 3172, 3056, 2936, 2812, 2684, 2552, 2416, 2276, 2132, 1984, 1832, 1676, 1516, 1352, 1184, 1012, 836, 656, 472, 284, 92, 0, 96, 292, 484, 672, 856, 1036, 1212, 1384, 1552, 1716, 1876, 2032, 2184, 2332, 2476, 2616, 2752, 2884, 3012, 3136, 3256],
[3260, 3376, 3488, 3596, 3700, 3800, 3396, 3288, 3176, 3060, 2940, 2816, 2688, 2556, 2420, 2280, 2136, 1988, 1836, 1680, 1520, 1356, 1188, 1016, 840, 660, 476, 288, 96, 0, 100, 296, 488, 676, 860, 1040, 1216, 1388, 1556, 1720, 1880, 2036, 2188, 2336, 2480, 2620, 2756, 2888, 3016, 3140],
[3144, 3264, 3380, 3492, 3600, 3704, 3504, 3400, 3292, 3180, 3064, 2944, 2820, 2692, 2560, 2424, 2284, 2140, 1992, 1840, 1684, 1524, 1360, 1192, 1020, 844, 664, 480, 292, 100, 0, 104, 300, 492, 680, 864, 1044, 1220, 1392, 1560, 1724, 1884, 2040, 2192, 2340, 2484, 2624, 2760, 2892, 3020],
[3024, 3148, 3268, 3384, 3496, 3604, 3608, 3508, 3404, 3296, 3184, 3068, 2948, 2824, 2696, 2564, 2428, 2288, 2144, 1996, 1844, 1688, 1528, 1364, 1196, 1024, 848, 668, 484, 296, 104, 0, 108, 304, 496, 684, 868, 1048, 1224, 1396, 1564, 1728, 1888, 2044, 2196, 2344, 2488, 2628, 2764, 2896],
[2900, 3028, 3152, 3272, 3388, 3500, 3708, 3612, 3512, 3408, 3300, 3188, 3072, 2952, 2828, 2700, 2568, 2432, 2292, 2148, 2000, 1848, 1692, 1532, 1368, 1200, 1028, 852, 672, 488, 300, 108, 0, 112, 308, 500, 688, 872, 1052, 1228, 1400, 1568, 1732, 1892, 2048, 2200, 2348, 2492, 2632, 2768],
[2772, 2904, 3032, 3156, 3276, 3392, 3804, 3712, 3616, 3516, 3412, 3304, 3192, 3076, 2956, 2832, 2704, 2572, 2436, 2296, 2152, 2004, 1852, 1696, 1536, 1372, 1204, 1032, 856, 676, 492, 304, 112, 0, 116, 312, 504, 692, 876, 1056, 1232, 1404, 1572, 1736, 1896, 2052, 2204, 2352, 2496, 2636],
[2640, 2776, 2908, 3036, 3160, 3280, 3896, 3808, 3716, 3620, 3520, 3416, 3308, 3196, 3080, 2960, 2836, 2708, 2576, 2440, 2300, 2156, 2008, 1856, 1700, 1540, 1376, 1208, 1036, 860, 680, 496, 308, 116, 0, 120, 316, 508, 696, 880, 1060, 1236, 1408, 1576, 1740, 1900, 2056, 2208, 2356, 2500],
[2504, 2644, 2780, 2912, 3040, 3164, 3984, 3900, 3812, 3720, 3624, 3524, 3420, 3312, 3200, 3084, 2964, 2840, 2712, 2580, 2444, 2304, 2160, 2012, 1860, 1704, 1544, 1380, 1212, 1040, 864, 684, 500, 312, 120, 0, 124, 320, 512, 700, 884, 1064, 1240, 1412, 1580, 1744, 1904, 2060, 2212, 2360],
[2364, 2508, 2648, 2784, 2916, 3044, 4068, 3988, 3904, 3816, 3724, 3628, 3528, 3424, 3316, 3204, 3088, 2968, 2844, 2716, 2584, 2448, 2308, 2164, 2016, 1864, 1708, 1548, 1384, 1216, 1044, 868, 688, 504, 316, 124, 0, 128, 324, 516, 704, 888, 1068, 1244, 1416, 1584, 1748, 1908, 2064, 2216],
[2220, 2368, 2512, 2652, 2788, 2920, 4148, 4072, 3992, 3908, 3820, 3728, 3632, 3532, 3428, 3320, 3208, 3092, 2972, 2848, 2720, 2588, 2452, 2312, 2168, 2020, 1868, 1712, 1552, 1388, 1220, 1048, 872, 692, 508, 320, 128, 0, 132, 328, 520, 708, 892, 1072, 1248, 1420, 1588, 1752, 1912, 2068],
[2072, 2224, 2372, 2516, 2656, 2792, 4224, 4152, 4076, 3996, 3912, 3824, 3732, 3636, 3536, 3432, 3324, 3212, 3096, 2976, 2852, 2724, 2592, 2456, 2316, 2172, 2024, 1872, 1716, 1556, 1392, 1224, 1052, 876, 696, 512, 324, 132, 0, 136, 332, 524, 712, 896, 1076, 1252, 1424, 1592, 1756, 1916],
[1920, 2076, 2228, 2376, 2520, 2660, 4296, 4228, 4156, 4080, 4000, 3916, 3828, 3736, 3640, 3540, 3436, 3328, 3216, 3100, 2980, 2856, 2728, 2596, 2460, 2320, 2176, 2028, 1876, 1720, 1560, 1396, 1228, 1056, 880, 700, 516, 328, 136, 0, 140, 336, 528, 716, 900, 1080, 1256, 1428, 1596, 1760],
[1764, 1924, 2080, 2232, 2380, 2524, 4364, 4300, 4232, 4160, 4084, 4004, 3920, 3832, 3740, 3644, 3544, 3440, 3332, 3220, 3104, 2984, 2860, 2732, 2600, 2464, 2324, 2180, 2032, 1880, 1724, 1564, 1400, 1232, 1060, 884, 704, 520, 332, 140, 0, 144, 340, 532, 720, 904, 1084, 1260, 1432, 1600],
[1604, 1768, 1928, 2084, 2236, 2384, 4428, 4368, 4304, 4236, 4164, 4088, 4008, 3924, 3836, 3744, 3648, 3548, 3444, 3336, 3224, 3108, 2988, 2864, 2736, 2604, 2468, 2328, 2184, 2036, 1884, 1728, 1568, 1404, 1236, 1064, 888, 708, 524, 336, 144, 0, 148, 344, 536, 724, 908, 1088, 1264, 1436],
[1440, 1608, 1772, 1932, 2088, 2240, 4488, 4432, 4372, 4308, 4240, 4168, 4092, 4012, 3928, 3840, 3748, 3652, 3552, 3448, 3340, 3228, 3112, 2992, 2868, 2740, 2608, 2472, 2332, 2188, 2040, 1888, 1732, 1572, 1408, 1240, 1068, 892, 712, 528, 340, 148, 0, 152, 348, 540, 728, 912, 1092, 1268],
[1272, 1444, 1612, 1776, 1936, 2092, 4544, 4492, 4436, 4376, 4312, 4244, 4172, 4096, 4016, 3932, 3844, 3752, 3656, 3556, 3452, 3344, 3232, 3116, 2996, 2872, 2744, 2612, 2476, 2336, 2192, 2044, 1892, 1736, 1576, 1412, 1244, 1072, 896, 716, 532, 344, 152, 0, 156, 352, 544, 732, 916, 1096],
[1100, 1276, 1448, 1616, 1780, 1940, 4596, 4548, 4496, 4440, 4380, 4316, 4248, 4176, 4100, 4020, 3936, 3848, 3756, 3660, 3560, 3456, 3348, 3236, 3120, 3000, 2876, 2748, 2616, 2480, 2340, 2196, 2048, 1896, 1740, 1580, 1416, 1248, 1076, 900, 720, 536, 348, 156, 0, 160, 356, 548, 736, 920],
[924, 1104, 1280, 1452, 1620, 1784, 4644, 4600, 4552, 4500, 4444, 4384, 4320, 4252, 4180, 4104, 4024, 3940, 3852, 3760, 3664, 3564, 3460, 3352, 3240, 3124, 3004, 2880, 2752, 2620, 2484, 2344, 2200, 2052, 1900, 1744, 1584, 1420, 1252, 1080, 904, 724, 540, 352, 160, 0, 164, 360, 552, 740],
[744, 928, 1108, 1284, 1456, 1624, 4688, 4648, 4604, 4556, 4504, 4448, 4388, 4324, 4256, 4184, 4108, 4028, 3944, 3856, 3764, 3668, 3568, 3464, 3356, 3244, 3128, 3008, 2884, 2756, 2624, 2488, 2348, 2204, 2056, 1904, 1748, 1588, 1424, 1256, 1084, 908, 728, 544, 356, 164, 0, 168, 364, 556],
[560, 748, 932, 1112, 1288, 1460, 4776, 4692, 4652, 4608, 4560, 4508, 4452, 4392, 4328, 4260, 4188, 4112, 4032, 3948, 3860, 3768, 3672, 3572, 3468, 3360, 3248, 3132, 3012, 2888, 2760, 2628, 2492, 2352, 2208, 2060, 1908, 1752, 1592, 1428, 1260, 1088, 912, 732, 548, 360, 168, 0, 172, 368],
[372, 564, 752, 936, 1116, 1292, 4848, 4828, 4696, 4656, 4612, 4564, 4512, 4456, 4396, 4332, 4264, 4192, 4116, 4036, 3952, 3864, 3772, 3676, 3576, 3472, 3364, 3252, 3136, 3016, 2892, 2764, 2632, 2496, 2356, 2212, 2064, 1912, 1756, 1596, 1432, 1264, 1092, 916, 736, 552, 364, 172, 0, 176],
[180, 376, 568, 756, 940, 1120, 4904, 4844, 4764, 4700, 4660, 4616, 4568, 4516, 4460, 4400, 4336, 4268, 4196, 4120, 4040, 3956, 3868, 3776, 3680, 3580, 3476, 3368, 3256, 3140, 3020, 2896, 2768, 2636, 2500, 2360, 2216, 2068, 1916, 1760, 1600, 1436, 1268, 1096, 920, 740, 556, 368, 176, 0]
FINAL CONFIGURATION RANK: 26250863147122739965600460258295044971865837802389078455464480263
THE OPTIMAL TOUR IS
[6, 7, 8, 9, 10, 11, 12, 13, 14, 15, 16, 17, 18, 19, 20, 21, 22, 23, 24, 25, 26, 27, 28, 29, 30, 31, 32, 33, 34, 35, 36, 37, 38, 39, 40, 41, 42, 43, 44, 45, 46, 47, 48, 49, 0, 1, 2, 3, 4, 5]
THE MINIMUM DISTANCE IS
9920
TSP ARITHMETIC SERIES CLASSICAL ALGORITHM ELAPSED TIME: 0.003598799929022789 s
DWAVE TOUR:
[5, 4, 3, 2, 1, 0, 49, 48, 47, 46, 45, 44, 43, 42, 41, 40, 39, 38, 37, 36, 35, 34, 33, 32, 31, 30, 29, 28, 27, 26, 25, 24, 23, 22, 21, 20, 19, 18, 17, 16, 15, 14, 13, 12, 11, 10, 9, 8, 7, 6]
IS VALID TOUR? YES
DWAVE TOUR DISTANCE:
9920
QPU_ACCESS_TIME
00 h : 00 m : 00.288 s
CHARGE_TIME
00 h : 00 m : 05.000 s
RUN_TIME
00 h : 00 m : 05.000 s
DWAVE SOLVER: LeapHybridNLSampler

7.
NUMBER OF VERTICES: 30
NUMBER OF EDGES: 435
CHOSEN BOUNDARY: BOUNDARY 1
BOUNDARY 1: 9157958657951075573395300940312
INITIAL CONFIGURATION RANK: 4412670166073159356000714142440
ARITHMETIC SERIES FIRST TERM: 1
ARITHMETIC SERIES COMMON DIFFERENCE: 6
VERTEX PERMUTATION RANK: 35097086736407176453962289631079
PERMUTED VERTICES: [3, 29, 4, 7, 18, 22, 10, 26, 19, 13, 0, 2, 27, 11, 20, 28, 8, 14, 6, 17, 24, 9, 21, 25, 12, 5, 16, 15, 23, 1]
PERMUTED MATRIX:
[0, 2599, 19, 523, 1909, 2233, 973, 2557, 1999, 1369, 343, 13, 2491, 1111, 2083, 2443, 679, 1489, 361, 1813, 2359, 829, 2161, 2413, 1243, 193, 1711, 1603, 2299, 181],
[2599, 0, 2533, 2521, 1579, 1087, 2275, 499, 1465, 2059, 2539, 2569, 337, 2209, 1345, 169, 2389, 1975, 2455, 1687, 805, 2335, 1219, 655, 2137, 2503, 1789, 1885, 949, 2467],
[19, 2533, 0, 367, 1819, 2167, 835, 2419, 1915, 1249, 505, 187, 2485, 979, 2005, 2581, 529, 1375, 199, 1717, 2305, 685, 2089, 2365, 1117, 25, 1609, 1495, 2239, 349],
[523, 2521, 367, 0, 1513, 1933, 385, 2257, 1627, 853, 955, 673, 2323, 547, 1735, 2383, 43, 997, 37, 1393, 2107, 217, 1837, 2185, 703, 205, 1267, 1135, 2023, 817],
